{
    "listHead":[
        {"categories":"资产端"},
        {"categories":"今日总单量"},
        {"categories":"单期单量"},
        {"categories":"多期单量"},
        {"categories":"今日放款金额(万元)"},
        {"categories":"单期金额(万元)"},
        {"categories":"多期金额(万元)"}
       
    ],
    "listContent":[
        {"categories":"资产1","data1": 20000, "data2": 15000,"data3": 5000,"data4": 15600.00,"data5": 11000.00,"data6": 4600.00},
        {"categories":"资产2","data1": 3000,"data2": 2000,"data3": 1000,"data4": 500.00,"data5": 350.00,"data6": 150.00},
        {"categories":"资产3","data1": 1500,"data2": 1000,"data3": 500,"data4": 250.00,"data5": 200.00,"data6": 50.00},
        {"categories":"资产4","data1": 1500,"data2": 300,"data3": 1200,"data4": 250.00,"data5": 50.00,"data6": 20.00},
        {"categories":"资产5","data1": 1000,"data2": 800,"data3": 200,"data4": 150.00,"data5": 100.00,"data6": 50.00}
    ],
    "listData1":[
        {"categories":"今日总单量","data1": 20000, "data2": 3000,"data3": 1500,"data4": 1500,"data5": 1000},
        {"categories":"单期单量","data1": 15000, "data2": 2000,"data3": 1000,"data4": 300,"data5": 800},
        {"categories":"多期单量","data1": 5000, "data2": 1000,"data3": 500,"data4": 1200,"data5": 200},
        {"categories":"今日放款金额(万元)","data1": 15600.00, "data2": 500.00,"data3": 250.00,"data4": 250.00,"data5": 150.00},
        {"categories":"单期金额(万元)","data1": 11000.00, "data2": 350.00,"data3": 200.00,"data4": 50.00,"data5": 100.00},
        {"categories":"多期金额(万元)","data1": 4600.00, "data2": 150.00,"data3": 50.00,"data4": 20.00,"data5": 50.00}
    ],
    "todayData":[
        {"categories":"w001","data": 335},
        {"categories":"w002","data": 679},
        {"categories":"w003","data": 1548},
        {"categories":"w004","data": 1008},
        {"categories":"w005","data": 130},
        {"categories":"w006","data": 680},
        {"categories":"w007","data": 190}
    ],
    "PlannLoan":[
        {"categories":"w001","data1": 2.0,"data2": 2.6},
        {"categories":"w002","data1": 4.9,"data2": 5.9},
        {"categories":"w003","data1": 7.0,"data2": 9.0},
        {"categories":"w004","data1": 23.2,"data2": 26.4},
        {"categories":"w005","data1": 25.6,"data2": 28.7},
        {"categories":"w006","data1": 76.7,"data2": 70.7},
        {"categories":"w007","data1": 135.6,"data2": 175.6},
        {"categories":"w008","data1": 162.2,"data2": 182.2},
        {"categories":"w009","data1": 56.6,"data2": 48.7}
    ],
    
    "titleList":["w001","w002","w003","w004","w005","w006","w007"],
    "dataList":["335","679","1548","1008","130","680","1680"],
    "titleList2":["r001","r002","r003","r004","r005"],
    "dataList2":["335","679","1548","1008","130"],
    "titleList6":["用途1","用途2","用途3","用途4","用途5"],
    "dataList6":["60","40","20","80","100"],
    "legendList3":["w001","w002","w003","w004","w005","r001","r002","r003","r004","r005"],
    "titleList3":["r001","r002","r003","r004","r005"],
    "dataList3":["335","679","1548","1008","130"],
    "dataList32":["954","179","1048","908","360"],
    "titleList4":["w001","w002","w003","w004","w005"],
    "dataList4":["1548","1008","130","680","1680"],
    "dataList42":["148","108","930","480","1080"],
    "legendList5":["累计放款额","计划放款额"],
    "titleList5":["w001","w002","w003","w004","w005","w006","w007","w008","w009"],
    "dataList5":[ ["335","679","1548","1008","130","1548","1008","130","680"],
			      ["130","1548","1008","130","680","335","679","1548","1800"]
		        ],
    "titleList7":["北京","天津","上海","重庆","河北","河南","云南","辽宁","黑龙江","湖南","安徽","山东","新疆","江苏","浙江","江西","湖北","广西","甘肃","山西","内蒙古","陕西","吉林","福建","贵州","广东","青海","西藏","四川","宁夏","海南","台湾","香港","澳门"],
    "titleList8":["辽宁","黑龙江","湖南","安徽","山东","新疆","江苏","浙江","江西","湖北","广西","甘肃","山西","内蒙古","陕西","吉林","福建","贵州","广东","青海","西藏","四川","宁夏","海南","台湾"],
    "titleList9":["甘肃","山西","内蒙古","陕西","吉林","福建","贵州","广东","青海","西藏","四川","宁夏","海南","台湾","香港","澳门","北京","天津","上海"]
}